0,0,0,0,0,0,0,0,0,0,0,0,0,0,0,0,0,0,0,0,4063232,8323072,8355840,8372224,8388096,8388096,8125952,7994880,7994880,7994880,7994880,7994880|0.10693554f;7
0,0,0,0,0,0,0,0,0,0,0,0,0,0,0,0,0,1032192,4190208,4190208,8386560,8189952,7895040,7895040,8126208,8126208,8388480,8126208,7994880,7928832,7895040,7876608|0.12468221f;2
0,0,0,0,0,0,0,0,0,0,0,0,0,0,32505856,66846720,134086656,134152192,129990656,127909888,126869504,126349312,126089216,125959168,125894624,125861856,125845472,125837280,125837280,125837280,125837280,125837280|0.16003379f;7
0,0,0,0,0,0,0,0,0,0,0,0,0,6144,15360,15872,16128,16777088,67108800,67108800,134217600,130039552,125844992,125844480,125829120,125829120,125829120,125829120,125829120,125829120,125829120,125829120|0.12236148f;6
0,0,0,0,0,0,0,0,0,0,0,2031616,8372224,16773120,33552384,66844672,65076224,130055168,125844480,125844480,125844480,125894016,125960128,125960128,125960128,125894528,125861632,125844992,125836288,125831168,125829120,125829120|0.16067335f;2
0,0,0,0,0,0,0,0,0,0,6144,15360,15872,16128,16777088,33554368,67108800,134217600,130039552,125844992,125844480,125835264,125829120,125829120,125829120,125829120,125829120,125829120,125829120,125829120,125829120,125829120|0.13258284f;6
0,0,0,0,0,0,0,0,196608,491520,1032192,2088960,4190208,8386560,4190208,4190208,491520,491520,491520,491520,491520,491520,491520,491520,491520,491520,491520,491520,491520,491520,491520,491520|0.10443867f;1
0,0,0,0,0,0,31461120,65028064,132153328,264306680,528612856,1057091708,2147475580,-8132,-8132,2147475580,1057091708,528612856,264306680,132153328,65028064,31461120,3840,3840,3840,3840,3840,3840,0,0,0,0|0.22614504f;24
0,0,0,0,0,0,31461120,65028064,132153328,266403832,532807160,1065480316,2147475580,-8132,-8132,2147475580,1057091708,528612856,264306680,132153328,65028064,31461120,3840,3840,3840,3840,3840,3840,0,0,0,0|0.1952435f;31
0,0,0,0,0,0,62922240,535830272,1073225600,2147225536,2130577376,-130153488,-132120584,-266338308,-266338308,-132120584,-130153488,2130577376,2147225536,1073225600,535830272,62922240,62914560,62914560,62914560,62914560,62914560,62914560,0,0,0,0|0.22617184f;36
0,0,0,0,0,0,62922240,535830272,1073225600,2147229632,2130579424,-130152464,-132120584,-266338308,-266338308,-132120584,-130153488,2130577376,2147229632,1073225600,535830272,62922240,62914560,62914560,62914560,62914560,62914560,62914560,0,0,0,0|0.19565327f;21
0,0,0,0,0,31457280,133693440,268173312,536739840,528416768,507478016,505397248,504357344,503837152,503577056,503447008,503381984,503349216,503332832,503324640,503447520,503447520,503447520,503447520,503316480,503316480,503316480,503316480,0,0,0,0|0.20287225f;7
0,0,0,0,0,32256,130816,262080,524224,509920,1016800,983520,983520,983520,1016288,1033184,252182464,252706752,253755264,255852032,259923456,268180992,267918848,267394560,268377600,268410368,268410368,268410368,0,0,0,0|0.19484527f;31
0,0,0,0,0,32256,130816,262080,524224,509920,1016800,983520,983520,983520,1016288,1033184,252182464,252706752,253755264,255852288,259919616,268177152,267915008,267390720,268373760,268406528,268406528,268406528,0,0,0,0|0.23795572f;25
0,0,0,0,0,33030144,134086656,268369920,268402688,529498112,520601600,503562240,503562240,503562240,503824384,521125888,268403648,268420032,134210496,33551296,31587264,31522752,31489984,31473600,31719360,31981504,31981504,31981504,0,0,0,0|0.19481465f;19
0,0,0,0,0,33030144,134086656,268369920,268402688,529498112,520601600,503562240,503562240,503562240,503824384,521125888,268403648,268420032,134210496,67105728,63044544,62980032,62947264,62930880,63176640,63438784,63438784,63438784,0,0,0,0|0.23811656f;37
0,0,0,0,0,7680,32640,65472,131040,261088,520672,1040864,505397728,507478496,511640032,519963104,536609248,536347104,535822816,534774240,536740320,536740320,536740320,536740320,480,480,480,480,0,0,0,0|0.20292969f;12
0,0,0,0,1048448,1048448,1048448,1048448,32640,65408,4063104,33552256,67106688,134211456,133162880,260302720,260169728,251781120,251781120,260169728,260300800,133160960,134201344,67076096,33488896,3932160,3932160,3932160,0,0,0,0|0.18078263f;20
0,0,0,0,134201344,134201344,134201344,134201344,133693440,133955584,134148096,130022912,130023168,127926144,127917952,127862720,1968064,1967040,1967040,1968064,2033600,2088832,1048448,524032,261632,61440,61440,61440,0,0,0,0|0.18041497f;32
0,0,0,0,16711680,67092480,134209536,268431360,264370176,520157184,520124416,503348224,503331840,503331840,503331840,504249584,505363952,505397232,504365024,503840704,503578496,503447296,503381504,503348224,503330816,503320576,503316480,503316480,0,0,0,0|0.20939793f;2
0,0,0,0,196608,491520,1032192,2088960,4190208,8386560,16776192,33553920,33013248,31956480,13077504,1032192,1032192,2088960,4190208,8386560,8189952,16284672,32538112,32521728,31464960,65019392,65019648,62918400,0,0,0,0|0.17622551f;1
0,0,0,0,196608,491520,1032192,2088960,4190208,8386560,16776192,33553920,33013248,31956480,13077504,491520,491520,491520,491520,491520,0,491520,491520,491520,0,491520,491520,491520,0,0,0,0|0.12171809f;1
0,0,0,0,196608,491520,1032192,2088960,4190208,8386560,16776192,33553920,33013248,31956480,13077504,491520,491520,491520,491520,491520,491520,491520,491520,491520,491520,491520,491520,491520,0,0,0,0|0.13028122f;1
0,0,0,0,2096640,2096640,2096640,2096640,130560,261632,523776,1048064,2088448,4169216,8330752,8265216,16515072,33030144,32505856,65011712,65011712,62914560,62914560,130023424,125829120,125829120,125829120,125829120,0,0,0,0|0.14473805f;5
0,0,0,0,261120,1048320,2097024,4194240,8261568,8127456,7865312,16253408,15729120,15729120,15729120,1022476768,1056170464,1073209824,536855008,268403168,134152672,66978272,33292768,16253408,7340512,2097632,480,480,0,0,0,0|0.2094171f;3
0,0,0,0,268402688,268402688,268402688,268369920,267386880,267911168,268234752,260046336,255852288,253755264,253747072,253691840,1968064,1967040,1967040,1968064,2033600,2088832,1048448,524032,261632,61440,61440,61440,0,0,0,0|0.2011832f;23
0,0,0,0,268402688,268402688,268402688,268370304,267387840,267913184,268177344,259923840,255803136,253754880,252705792,252180480,522240,258048,258048,253952,122880,122880,122880,122880,122880,122880,122880,122880,0,0,0,0|0.16391322f;9
0,0,0,0,33546240,33546240,33546240,33546240,33423360,33488896,33521664,33538048,32497664,31977472,31717376,31586304,64512,32256,15872,7936,7936,3840,3840,3968,1920,1920,1920,1920,0,0,0,0|0.14459635f;10
0,0,0,0,522240,522240,522240,522240,260096,522240,1046528,2095104,4159488,8257536,16515072,33030144,32505856,65011712,62914560,130023424,125829120,125829120,125829120,125829120,125829120,125829120,125829120,125829120,125829120,125829120,125829120,125829120|0.12998247f;5
0,0,0,0,524224,524224,524224,100925376,251674560,528515008,264306624,132250560,66319296,33547200,16761792,8356800,8355840,4128768,4128768,4063232,1966080,1966080,1966080,1966080,1966080,1966080,1966080,1966080,0,0,0,0|0.16385196f;4
0,0,0,0,524224,524224,524224,262080,16320,32704,3997632,33553344,67105728,134210496,133161920,260301760,260169728,251781120,251781120,260169728,260300800,133160960,134201344,67076096,33488896,3932160,3932160,3932160,0,0,0,0|0.20124447f;35
0,0,0,0,6144,15360,15872,16128,8064,4032,2016,134217712,536870904,1073741808,1073741792,1040191424,2080382848,2013282048,2013281792,2013281280,2013280256,2013265920,2013265920,2013265920,2013265920,2013265920,2013265920,2013265920,0,0,0,0|0.1693283f;6
0,0,0,0,6291456,15728640,32505856,66060288,132120576,264241152,528482304,1073741696,2147483616,1073741808,536870896,264241648,132120824,66060408,32505976,15728760,7340152,120,120,120,120,120,120,120,0,0,0,0|0.16925935f;11
0,0,0,3932160,8127424,33293248,133956544,535823296,1069548480,1073218496,536806336,536855488,268432320,262142912,130154432,130056128,65028032,31465408,29364160,4032,1984,1984,960,960,960,960,960,960,0,0,0,0|0.18017009f;11
0,0,0,61440,251721728,251723264,251723648,251674592,251662320,251690992,251920352,252706784,255852480,260040640,268308352,267915136,267394816,266345984,264244736,264241152,260046848,260046848,251658240,251658240,251658240,251658240,251658240,251658240,0,0,0,0|0.18013181f;6
0,0,1032192,4190208,16776192,33553920,66076416,62918400,125831040,125831040,251855808,252691392,252691392,235913664,235913664,252150720,251659200,117441408,125831040,130027392,62918400,31464960,32521728,16284672,8189952,4190208,2088960,1032192,491520,196608,0,0|0.18822005f;44
0,0,131072,458752,1015808,2080768,4186112,8384512,16775168,33553408,66584064,65519104,29859328,491520,1015808,983040,2096128,4194048,8388544,16777152,16517056,33030528,66060288,65011712,62914560,130023424,130023424,125829120,0,0,0,0|0.15744865f;11
0,0,245760,2093056,4192256,8387584,8322560,16268800,16260608,15736320,15736320,16260608,16268800,8289792,8322048,4126720,2027520,52359168,127825920,132052992,134215680,67104768,33546240,16764928,8368128,4157440,2027520,847872,0,0,0,0|0.20430842f;26
0,0,6144,15360,33521152,134217472,268435328,536870848,529006560,1058013168,1041235952,1007664624,2081373424,2013281280,2013281280,2080390144,1006664704,1040219136,1057028096,528742400,536866816,268427264,134201344,33488896,3932160,3932160,3932160,3932160,0,0,0,0|0.19367322f;4
0,0,6291456,15728640,33291776,67108608,134217664,268435424,536840160,1073726448,1073725936,1056424176,1022607608,15728760,15728760,15728888,16253168,16253424,8127472,8325088,4194272,2097088,1048320,261632,61440,61440,61440,61440,0,0,0,0|0.19373448f;9
0,0,65536,229376,507904,1040384,2093056,4192256,8387584,16776704,33537792,33005312,31952384,491520,507904,507904,33546240,67104768,268433408,268434432,260111360,100695552,16128,7936,3840,3840,3968,1920,0,0,0,0|0.15754442f;4
0,0,983040,4186112,8384512,16775168,33421312,32537600,31489024,31472640,31472640,31489024,32537600,33159168,16644096,8253440,4055040,4055808,7989120,8253312,8388480,4194048,2096640,3144704,3667968,3928064,4055040,3981312,0,0,0,0|0.20472969f;38
0,133169152,536346624,1073610752,2138963968,2015297536,-267452416,-238583808,-202932224,-471367680,-202932224,-238616576,-267452416,2014248960,2015258560,1008658368,1044244448,511573984,528220128,268173296,133687280,66054128,63963128,26214392,1048568,2097144,2091004,2091004,0,0,0,0|0.3022557f;44
0,522240,522240,522240,522240,260096,522240,1046528,2095104,4143104,8257536,16515072,33030144,66060288,65011712,62914560,130023424,125829120,125829120,125829120,125829120,125829120,125829120,125829120,125829120,125829120,125829120,125829120,125829120,125829120,125829120,125829120|0.14236377f;5
196608,491520,1032192,2088960,4190208,8386560,16776192,33553920,33013248,31956480,13077504,2088960,8386560,8386560,16776192,16284672,32521728,32521728,32521728,32521728,16284672,16776192,8386560,8386560,2088960,491520,491520,491520,0,0,0,0|0.18756111f;22
196608,491520,1032192,2088960,4190208,8386560,16776192,33553920,33013248,31956480,13077504,2088960,8386560,8386560,16776192,16284672,32521728,32521728,32521728,32521728,16284672,16776192,8386560,8386560,2088960,491520,491520,491520,0,0,0,0|0.18761091f;34
196608,491520,1032192,2088960,4190208,8386560,4190208,4190208,491520,491520,491520,491520,491520,491520,491520,491520,491520,491520,491520,491520,491520,491520,491520,491520,491520,491520,491520,491520,491520,491520,491520,491520|0.13182843f;1
